2 0.22421875 0.61015625 0.128125 0.1234375
2 0.2640625 0.71796875 0.14375 0.115625
2 0.28828125 0.77734375 0.0828125 0.078125
2 0.11796875 0.86875 0.090625 0.0921875
2 0.83984375 0.43984375 0.1078125 0.1046875
2 0.28046875 0.4875 0.0625 0.1265625
2 0.3703125 0.40546875 0.078125 0.0953125
2 0.37734375 0.7953125 0.109375 0.1390625
2 0.35 0.6359375 0.0734375 0.103125
2 0.73203125 0.58125 0.0875 0.1015625
2 0.42265625 0.58125 0.053125 0.1078125
2 0.50390625 0.61796875 0.0984375 0.1921875
2 0.09609375 0.4734375 0.1921875 0.353125
2 0.4875 0.90859375 0.121875 0.1828125
2 0.59609375 0.83515625 0.0796875 0.1578125
2 0.6984375 0.8671875 0.0953125 0.115625
2 0.57890625 0.34765625 0.2984375 0.3328125
2 0.93984375 0.7296875 0.1203125 0.1625
2 0.9109375 0.88359375 0.10625 0.06875
