3 0.66875 0.22109375 0.0640625 0.20546875
3 0.59296875 0.28515625 0.08984375 0.20703125
3 0.5046875 0.2015625 0.09609375 0.1859375
3 0.43828125 0.23671875 0.07109375 0.17265625
3 0.35078125 0.21484375 0.10078125 0.215625
3 0.22734375 0.2296875 0.07734375 0.2
3 0.3171875 0.4328125 0.0875 0.19453125
3 0.35 0.521875 0.065625 0.1671875
3 0.2421875 0.6953125 0.09609375 0.21171875
3 0.33125 0.87890625 0.13828125 0.096875
3 0.14765625 0.878125 0.05703125 0.1703125
3 0.1625 0.2109375 0.0625 0.153125
3 0.49375 0.70078125 0.06171875 0.1875
3 0.4703125 0.49921875 0.090625 0.15
3 0.55703125 0.759375 0.05703125 0.20703125
3 0.6140625 0.8796875 0.090625 0.1859375
3 0.65703125 0.7734375 0.10859375 0.18125
3 0.5578125 0.46328125 0.0625 0.153125
3 0.60546875 0.4671875 0.0640625 0.1625
3 0.74453125 0.51015625 0.121875 0.12578125
3 0.1734375 0.6 0.06953125 0.1546875
3 0.10703125 0.57578125 0.059375 0.1625
3 0.1234375 0.74140625 0.09609375 0.1203125
3 0.0625 0.89765625 0.08359375 0.2015625
3 0.86015625 0.8375 0.153125 0.315625
3 0.79765625 0.9 0.0484375 0.2
3 0.83046875 0.30859375 0.07421875 0.2
3 0.74296875 0.38203125 0.0640625 0.15
3 0.92421875 0.40546875 0.10390625 0.09140625
3 0.75703125 0.64140625 0.0578125 0.13984375
3 0.81875 0.6328125 0.03984375 0.1
3 0.19296875 0.40234375 0.06796875 0.15546875
3 0.5640625 0.0734375 0.04921875 0.12109375
3 0.64609375 0.08828125 0.125 0.0859375
3 0.8640625 0.078125 0.07734375 0.12421875
