5 0.403125 0.4625 0.2515625 0.409375
5 0.5921875 0.6015625 0.34375 0.196875
5 0.40234375 0.79140625 0.2984375 0.359375
5 0.5890625 0.84609375 0.315625 0.3078125
5 0.8640625 0.6890625 0.259375 0.621875
5 0.7953125 0.85234375 0.2 0.2953125
5 0.8046875 0.5265625 0.1921875 0.2484375
5 0.66171875 0.28828125 0.359375 0.29375
5 0.6015625 0.1296875 0.23125 0.2203125
5 0.31875 0.13125 0.18125 0.246875
5 0.46171875 0.171875 0.1921875 0.2125
5 0.171875 0.1125 0.209375 0.225
5 0.25234375 0.3296875 0.1359375 0.2109375
5 0.14609375 0.54609375 0.15625 0.4984375
5 0.06640625 0.45390625 0.1328125 0.4359375
5 0.08125 0.79609375 0.1625 0.2453125
5 0.87890625 0.19140625 0.2421875 0.3296875
